1,236,827,24,17
2,963,165,29,21
3,574,56,23,28
4,358,362,26,25
5,740,379,22,25
6,178,647,8,8
7,699,379,10,27
8,456,958,11,20
9,824,624,20,20
10,322,450,14,11
11,311,5,27,12
12,512,893,16,22
13,293,892,11,13
14,51,167,29,19
15,372,778,14,19
16,682,523,16,21
17,681,896,15,22
18,545,802,14,18
19,99,208,11,16
20,596,47,26,18
21,258,360,24,28
22,708,321,29,29
23,779,401,10,21
24,101,861,20,16
25,794,513,10,27
26,616,535,17,16
27,355,118,12,15
28,950,197,27,29
29,612,9,14,22
30,230,473,10,27
31,348,233,12,13
32,359,160,22,15
33,568,560,26,18
34,433,249,10,25
35,531,941,15,25
36,383,971,19,11
37,837,321,23,12
38,433,6,29,22
39,616,14,15,25
40,653,897,10,28
41,875,475,25,20
42,500,727,27,23
43,72,525,16,13
44,253,10,18,16
45,430,25,19,16
46,681,383,28,25
47,99,785,15,28
48,852,437,27,16
49,535,208,17,21
50,789,573,26,25
51,46,913,20,12
52,334,924,13,14
53,952,28,22,24
54,271,830,20,23
55,441,752,14,18
56,670,55,19,13
57,217,179,11,11
58,651,640,20,28
59,83,258,26,24
60,53,827,12,17
61,60,680,15,20
62,613,573,16,27
63,176,263,23,29
64,534,921,28,27
65,869,450,22,23
66,501,357,16,14
67,460,656,22,23
68,488,785,25,19
69,321,792,19,13
70,439,319,20,13
71,358,638,14,24
72,674,246,17,23
73,61,230,10,15
74,586,961,29,25
75,270,758,24,21
76,483,164,25,19
77,831,622,12,10
78,902,614,23,23
79,119,390,27,17
80,179,180,12,18
81,188,641,14,23
82,387,527,16,28
83,882,648,23,24
84,865,98,29,13
85,497,829,23,21
86,418,26,14,20
87,685,721,14,16
88,682,917,11,13
89,618,649,16,17
90,31,781,27,26
91,896,480,12,27
92,156,318,14,20
93,382,609,22,28
94,621,526,19,27
95,148,143,14,22
96,511,640,29,10
97,847,879,27,12
98,460,449,26,28
99,688,107,15,20
100,588,484,24,19
101,538,816,19,17
102,214,685,25,18
103,159,486,24,19
104,868,580,10,26
105,919,133,11,10
106,836,646,18,14
107,681,734,13,15
108,579,433,20,22
109,146,579,29,29
110,639,104,11,20
111,656,269,20,21
112,675,649,21,13
113,933,213,18,11
114,526,598,16,10
115,880,657,22,28
116,188,741,3,8
117,529,101,20,22
118,831,141,12,11
119,236,736,15,12
120,477,180,16,25
121,159,468,10,20
122,154,430,24,24
123,8,416,26,26
124,629,566,12,13
125,6,609,14,18
126,112,519,16,11
127,534,189,23,21
128,744,719,11,19
129,585,952,16,12
130,208,120,12,16
131,366,301,19,12
132,385,726,21,29
133,197,652,29,24
134,169,777,18,28
135,629,819,10,26
136,59,693,26,11
137,846,111,28,11
138,178,397,24,18
139,73,369,20,17
140,652,865,16,26
141,369,349,28,21
142,495,964,11,24
143,219,40,28,20
144,915,463,17,29
145,478,630,20,26
146,193,759,21,19
147,917,810,23,13
148,696,7,23,13
149,274,721,20,20
150,606,331,15,15
151,274,790,20,29
152,722,171,15,23
153,952,615,27,27
154,712,18,19,13
155,482,501,20,19
156,164,672,25,27
157,315,742,23,24
158,950,140,20,11
159,561,981,24,13
160,267,280,17,28
161,595,861,27,12
162,229,563,27,29
163,842,82,29,26
164,442,474,15,19
165,675,726,18,18
166,409,483,16,18
167,339,116,15,28
168,316,520,17,12
169,833,146,10,18
170,598,50,21,11
171,559,340,29,28
172,389,109,17,25
173,575,195,29,15
174,625,974,10,24
175,586,285,16,23
176,679,337,15,26
177,452,174,19,24
178,104,187,16,14
179,331,334,10,29
180,627,977,24,12
181,644,74,23,18
182,810,416,15,19
183,375,495,28,10
184,702,898,10,27
185,437,76,17,27
186,612,797,23,29
187,1,171,20,11
188,55,417,24,21
189,81,211,17,19
190,520,78,25,27
191,224,906,13,10
192,734,526,17,19
193,351,159,29,15
194,364,26,16,20
195,113,279,20,24
196,480,276,24,22
197,602,306,25,29
198,370,361,24,21
199,54,492,23,18
200,838,649,11,3
201,65,143,21,13
202,150,606,21,12
203,52,202,24,11
204,38,533,13,17
205,955,722,24,18
206,835,200,11,10
207,962,816,15,25
208,64,155,21,29
209,381,759,21,20
210,112,225,19,16
211,183,93,17,18
212,120,131,9,4
213,323,749,12,26
214,726,270,28,12
215,398,503,20,17
216,445,658,18,22
217,800,606,11,17
218,238,606,18,12
219,143,242,25,18
220,155,471,25,11
221,352,114,21,22
222,684,785,19,17
223,185,651,19,22
224,585,323,15,24
225,783,566,29,13
226,691,242,26,12
227,960,178,12,15
228,22,347,18,17
229,852,794,10,19
230,802,832,11,10
231,396,661,23,24
232,804,424,29,25
233,69,511,26,16
234,427,894,23,29
235,46,646,24,11
236,902,710,23,29
237,323,12,29,12
238,974,277,22,16
239,42,728,29,13
240,131,366,21,14
241,843,490,12,28
242,887,260,27,13
243,34,628,18,22
244,564,641,22,27
245,112,102,12,13
246,577,984,10,12
247,429,382,23,20
248,82,152,16,15
249,968,821,21,12
250,599,766,11,11
251,738,397,19,11
252,188,772,21,12
253,128,358,16,20
254,324,334,26,27
255,620,165,28,16
256,964,721,29,23
257,663,297,27,28
258,810,836,18,28
259,966,710,11,19
260,24,909,18,25
261,887,815,29,13
262,768,639,29,15
263,231,260,13,21
264,609,498,25,15
265,648,893,23,26
266,505,183,26,10
267,659,49,12,16
268,399,838,23,16
269,894,238,18,11
270,263,722,29,22
271,6,451,16,28
272,519,58,22,20
273,798,32,24,14
274,563,444,22,24
275,305,394,27,13
276,71,668,28,23
277,54,104,25,20
278,637,68,25,27
279,369,584,21,29
280,744,789,28,23
281,654,942,27,19
282,299,94,14,13
283,446,431,28,23
284,565,629,21,27
285,663,944,7,12
286,0,295,26,14
287,164,639,10,27
288,683,289,13,19
289,58,724,28,26
290,22,57,20,17
291,575,396,13,18
292,753,890,18,25
293,364,761,24,12
294,924,561,22,25
295,195,512,25,23
296,548,269,22,27
297,503,126,23,11
298,777,299,19,23
299,702,883,20,24
300,381,580,17,19
301,441,913,28,14
302,669,100,25,25
303,32,197,13,18
304,265,839,25,29
305,919,690,11,12
306,63,412,11,15
307,793,239,14,25
308,503,967,15,27
309,372,595,15,26
310,406,102,17,10
311,451,923,29,19
312,322,456,28,14
313,518,458,19,21
314,802,490,27,17
315,275,275,22,16
316,542,235,20,25
317,206,443,10,24
318,98,456,18,21
319,14,177,20,24
320,470,927,27,20
321,236,732,28,15
322,978,392,14,11
323,17,410,11,13
324,419,5,28,11
325,479,860,19,28
326,478,401,23,26
327,936,903,11,12
328,420,400,17,17
329,358,621,23,17
330,472,16,14,17
331,883,26,10,11
332,867,479,25,10
333,380,69,22,16
334,57,678,23,17
335,448,955,14,14
336,470,303,25,12
337,378,240,27,26
338,599,567,3,7
339,298,489,28,28
340,748,88,17,16
341,294,122,17,15
342,351,17,15,17
343,73,352,22,15
344,169,694,19,15
345,221,181,15,19
346,3,442,20,15
347,103,801,27,14
348,630,65,22,29
349,544,377,24,25
350,652,162,15,29
351,933,286,25,28
352,475,900,26,12
353,59,542,10,8
354,900,628,18,29
355,20,693,15,11
356,64,709,15,14
357,115,525,13,21
358,673,940,25,14
359,324,57,25,26
360,659,83,18,16
361,580,336,18,10
362,108,196,14,11
363,410,669,12,19
364,172,156,25,18
365,459,560,11,26
366,304,477,11,14
367,698,700,13,16
368,67,219,10,22
369,132,404,23,28
370,156,868,10,15
371,14,386,28,12
372,161,828,19,21
373,129,136,28,11
374,564,536,21,16
375,163,305,23,16
376,647,578,29,19
377,92,636,22,13
378,671,634,23,24
379,62,150,15,23
380,346,745,26,23
381,512,359,10,17
382,591,462,24,28
383,363,302,28,17
384,606,253,26,22
385,717,664,24,13
386,199,503,13,21
387,351,733,20,15
388,903,408,14,18
389,716,635,14,18
390,359,301,13,13
391,503,813,12,12
392,625,197,19,21
393,0,875,29,13
394,852,481,14,10
395,404,556,17,4
396,45,545,24,11
397,131,525,10,14
398,14,445,15,26
399,162,304,25,22
400,485,283,25,27
401,840,449,27,22
402,245,413,17,19
403,356,321,28,13
404,935,270,16,26
405,218,148,14,24
406,171,635,14,10
407,342,701,16,19
408,85,191,21,22
409,440,70,16,24
410,974,182,22,15
411,835,499,19,12
412,597,704,17,12
413,139,275,29,21
414,168,128,17,22
415,370,35,16,28
416,245,552,10,12
417,296,693,15,20
418,801,824,25,21
419,88,324,11,28
420,953,243,21,22
421,325,800,24,12
422,909,963,13,25
423,537,283,18,16
424,551,903,14,11
425,219,737,28,16
426,167,856,14,17
427,890,91,21,24
428,283,590,21,21
429,698,549,12,14
430,139,144,29,12
431,438,154,19,17
432,820,251,26,15
433,365,978,13,18
434,443,491,15,25
435,362,975,29,23
436,259,768,25,18
437,154,886,11,13
438,117,775,21,28
439,388,232,11,12
440,472,122,26,28
441,177,255,18,20
442,840,473,22,27
443,961,250,14,29
444,864,424,13,27
445,902,854,11,12
446,291,431,20,29
447,227,737,25,20
448,960,385,25,24
449,102,719,24,18
450,584,813,10,20
451,139,154,24,26
452,813,367,24,27
453,485,255,15,22
454,618,938,21,29
455,396,87,15,15
456,826,806,20,20
457,685,868,26,24
458,934,664,19,15
459,268,224,28,25
460,759,677,15,23
461,547,679,18,10
462,104,374,29,11
463,638,492,11,28
464,767,805,14,15
465,655,957,21,24
466,540,60,17,27
467,775,787,18,28
468,211,389,12,11
469,213,97,21,25
470,485,438,24,19
471,466,191,22,18
472,140,168,19,23
473,747,632,29,24
474,463,180,24,27
475,567,631,14,12
476,127,139,14,14
477,347,1,21,25
478,132,360,16,26
479,226,938,26,12
480,664,209,11,27
481,619,206,23,27
482,80,605,12,22
483,465,171,22,22
484,166,120,22,19
485,442,763,24,18
486,641,256,10,29
487,521,55,22,22
488,316,285,24,27
489,591,765,23,18
490,699,58,15,17
491,234,986,10,10
492,7,644,12,25
493,640,268,27,27
494,494,491,27,17
495,785,569,16,28
496,204,372,13,24
497,276,600,20,17
498,655,666,16,12
499,946,481,29,15
500,196,734,26,20
501,428,471,15,12
502,635,381,28,21
503,638,970,21,15
504,40,692,22,27
505,753,278,13,20
506,269,647,19,14
507,838,18,15,25
508,273,727,10,23
509,447,111,19,13
510,771,820,10,10
511,239,33,13,27
512,871,903,15,28
513,171,645,24,13
514,864,892,21,15
515,427,378,24,10
516,688,637,17,14
517,66,674,14,29
518,962,89,21,21
519,778,184,19,13
520,375,275,12,29
521,48,414,13,10
522,455,904,15,20
523,102,346,10,10
524,406,533,13,21
525,349,708,25,28
526,388,879,26,26
527,845,882,26,10
528,345,519,20,21
529,56,382,27,20
530,902,93,25,16
531,74,207,15,18
532,138,590,11,10
533,402,554,24,10
534,595,347,18,13
535,103,910,27,26
536,274,316,20,20
537,256,301,29,24
538,1,311,20,25
539,392,42,25,26
540,389,660,16,14
541,444,669,17,19
542,558,227,23,16
543,881,869,10,26
544,799,601,29,15
545,722,757,14,21
546,444,156,7,6
547,723,61,13,10
548,920,327,26,12
549,236,460,26,24
550,352,125,23,25
551,672,250,26,10
552,592,981,29,18
553,166,330,16,20
554,513,881,26,22
555,621,875,27,15
556,42,361,23,27
557,564,567,17,13
558,949,10,25,25
559,179,860,11,20
560,714,180,13,12
561,834,556,11,11
562,547,289,13,14
563,11,289,19,22
564,751,848,10,27
565,36,229,16,17
566,425,484,26,18
567,596,333,19,29
568,193,300,23,23
569,344,497,23,27
570,795,840,15,15
571,152,832,25,24
572,380,575,16,18
573,271,817,25,25
574,850,120,19,16
575,442,62,26,28
576,469,879,14,23
577,175,437,11,22
578,977,171,18,23
579,472,357,16,25
580,881,776,24,13
581,549,223,17,13
582,603,488,13,13
583,14,209,25,10
584,196,379,13,20
585,358,174,22,26
586,919,678,19,29
587,597,564,13,23
588,373,674,23,29
589,644,89,22,22
590,26,918,28,13
591,13,151,18,10
592,264,253,8,4
593,436,290,16,23
594,766,181,16,14
595,93,327,17,10
596,439,117,17,13
597,806,585,18,19
598,102,96,15,29
599,18,622,27,27
600,482,554,22,20
601,836,588,9,6
602,799,250,24,17
603,604,642,19,28
604,812,638,21,27
605,880,168,24,21
606,441,321,15,8
607,796,536,23,15
608,872,485,29,13
609,350,214,28,22
610,52,397,27,23
611,937,794,20,18
612,689,735,16,12
613,311,768,14,12
614,536,862,28,28
615,576,952,24,14
616,108,343,10,23
617,398,229,17,18
618,433,940,21,21
619,368,757,25,22
620,690,637,13,17
621,137,142,15,28
622,26,191,24,24
623,57,668,23,17
624,492,513,18,17
625,110,341,16,21
626,596,557,15,17
627,699,558,13,26
628,548,643,20,14
629,970,474,22,29
630,365,772,13,16
631,382,845,27,15
632,392,105,29,23
633,725,512,16,19
634,180,715,24,13
635,402,623,12,21
636,880,168,25,15
637,19,648,24,26
638,784,405,12,29
639,104,500,13,25
640,625,898,10,22
641,675,252,27,19
642,288,838,19,21
643,677,259,22,14
644,17,657,27,25
645,883,476,24,24
646,700,472,27,15
647,836,523,24,28
648,535,413,12,28
649,882,809,22,16
650,768,913,18,19
651,821,194,25,10
652,668,654,17,18
653,174,874,27,11
654,504,721,22,22
655,391,76,20,23
656,674,365,11,27
657,165,798,12,26
658,773,237,16,27
659,587,487,16,27
660,344,802,28,17
661,344,354,20,25
662,485,206,18,12
663,834,583,14,17
664,506,585,16,20
665,256,215,19,12
666,287,74,17,23
667,361,311,19,17
668,651,419,25,14
669,359,762,28,29
670,452,936,23,24
671,70,637,13,22
672,324,0,19,10
673,69,607,20,22
674,35,901,22,24
675,559,875,18,25
676,343,629,18,13
677,436,947,14,3
678,967,13,28,16
679,526,802,21,23
680,669,950,10,13
681,823,792,12,25
682,439,901,29,20
683,103,931,23,15
684,815,499,12,14
685,383,654,23,14
686,694,72,25,18
687,661,50,28,12
688,104,197,22,10
689,400,12,20,12
690,46,225,12,11
691,444,426,13,13
692,906,595,14,17
693,978,625,16,21
694,812,350,12,22
695,560,549,29,15
696,531,593,20,16
697,187,511,25,16
698,857,953,12,21
699,292,80,16,18
700,72,448,11,28
701,351,633,19,10
702,167,91,21,14
703,41,377,13,19
704,580,562,20,26
705,725,51,11,27
706,64,422,17,27
707,529,173,13,13
708,446,320,26,21
709,182,501,24,19
710,435,920,16,16
711,575,395,27,17
712,611,796,11,18
713,669,610,25,23
714,900,852,18,23
715,772,807,20,10
716,839,514,14,11
717,966,184,20,29
718,352,126,12,25
719,98,259,11,26
720,911,486,22,24
721,758,91,29,20
722,859,961,11,28
723,563,236,20,13
724,456,649,17,15
725,270,10,25,11
726,522,399,18,20
727,483,122,28,23
728,587,313,16,27
729,496,958,13,22
730,139,648,15,20
731,657,488,23,16
732,397,588,23,17
733,49,752,21,22
734,273,21,21,20
735,188,850,14,27
736,292,636,23,14
737,359,63,22,12
738,729,276,26,12
739,835,616,11,16
740,271,382,27,19
741,278,302,17,18
742,493,496,15,18
743,368,971,19,27
744,748,885,13,24
745,228,442,25,22
746,528,407,8,5
747,726,57,14,27
748,485,120,19,11
749,760,807,24,16
750,626,804,12,26
751,583,450,23,14
752,875,297,26,19
753,91,189,22,29
754,411,211,15,25
755,303,275,22,20
756,576,393,21,12
757,144,247,24,24
758,731,681,11,16
759,835,782,13,27
760,884,323,23,28
761,571,685,29,26
762,405,838,11,20
763,17,144,11,19
764,35,679,23,22
765,731,771,10,25
766,212,104,14,24
767,282,389,10,12
768,706,508,29,16
769,52,53,27,20
770,164,148,25,28
771,943,570,13,20
772,310,677,10,28
773,655,283,22,25
774,814,799,17,17
775,156,648,25,22
776,339,693,23,20
777,556,248,12,20
778,47,192,13,27
779,273,803,24,17
780,232,738,28,12
781,695,537,23,12
782,913,8,15,26
783,735,601,26,12
784,848,30,13,10
785,557,251,27,12
786,767,693,15,15
787,114,129,27,11
788,904,782,21,10
789,471,297,13,24
790,48,66,29,20
791,666,750,18,23
792,618,646,12,21
793,615,375,16,6
794,643,176,23,10
795,367,620,28,22
796,354,572,15,17
797,826,533,20,24
798,820,942,15,27
799,340,142,23,23
800,206,71,16,20
801,489,871,28,19
802,637,169,25,16
803,274,921,13,10
804,481,15,13,15
805,253,611,20,28
806,602,785,25,22
807,672,17,14,13
808,661,293,25,13
809,824,541,28,11
810,136,415,14,22
811,261,277,13,15
812,669,187,13,14
813,619,271,23,25
814,731,726,29,14
815,879,274,17,15
816,629,69,16,28
817,102,791,19,21
818,267,846,19,23
819,625,487,23,11
820,507,846,19,16
821,667,653,17,14
822,572,536,13,28
823,426,317,21,28
824,747,595,17,29
825,215,895,18,17
826,73,623,18,17
827,548,88,22,20
828,255,409,29,26
829,347,18,13,12
830,501,952,24,19
831,245,931,25,25
832,570,879,28,14
833,450,90,20,26
834,720,927,24,17
835,267,773,28,28
836,641,282,19,21
837,370,300,19,27
838,562,573,23,12
839,845,241,23,17
840,747,396,21,17
841,318,786,12,28
842,618,639,11,18
843,361,510,20,21
844,216,104,13,16
845,446,919,10,12
846,226,835,26,13
847,967,34,18,29
848,890,380,11,25
849,791,93,22,22
850,660,411,22,25
851,500,162,15,3
852,93,268,22,20
853,668,91,17,24
854,571,33,23,27
855,0,52,21,14
856,814,34,11,10
857,145,285,21,19
858,944,909,14,17
859,247,728,17,26
860,728,34,20,21
861,68,678,20,24
862,361,403,19,23
863,886,228,13,18
864,669,590,13,29
865,677,353,15,18
866,489,415,15,27
867,83,215,18,18
868,462,538,28,28
869,636,218,10,14
870,844,484,20,24
871,159,475,14,26
872,454,171,12,26
873,722,603,20,22
874,242,1,13,22
875,825,201,25,25
876,718,124,28,14
877,485,800,19,26
878,788,519,11,20
879,79,373,25,27
880,332,334,18,12
881,189,181,16,17
882,479,377,18,13
883,13,41,20,17
884,45,863,19,15
885,1,326,12,14
886,583,503,28,14
887,472,419,19,21
888,894,264,29,14
889,606,370,29,17
890,527,750,27,14
891,949,730,23,28
892,909,671,29,29
893,874,592,19,18
894,397,600,15,21
895,446,647,13,20
896,347,123,16,17
897,563,906,12,15
898,42,224,10,24
899,550,246,23,28
900,551,859,17,12
901,443,424,16,17
902,495,422,16,15
903,767,818,28,17
904,688,291,14,26
905,60,429,27,25
906,186,728,10,29
907,902,11,3,20
908,207,344,21,28
909,10,464,17,16
910,357,337,22,20
911,376,840,28,23
912,653,59,24,18
913,355,615,29,19
914,31,837,25,15
915,658,397,29,16
916,921,3,12,26
917,664,204,15,27
918,154,835,11,16
919,621,922,13,18
920,66,749,24,24
921,53,535,22,23
922,784,424,28,14
923,282,774,18,17
924,573,193,28,14
925,266,146,14,19
926,783,677,14,29
927,617,911,12,15
928,519,191,27,10
929,647,85,12,25
930,39,437,29,27
931,203,769,25,11
932,592,276,29,18
933,362,219,27,21
934,645,202,10,25
935,21,804,17,28
936,64,814,10,19
937,61,738,19,24
938,307,56,24,11
939,354,527,16,15
940,62,406,26,15
941,94,858,29,13
942,567,404,16,11
943,664,600,16,16
944,45,536,13,12
945,165,127,10,11
946,982,629,12,19
947,377,796,15,20
948,776,587,21,18
949,607,281,29,10
950,957,902,21,17
951,902,349,22,29
952,227,95,16,25
953,46,869,18,20
954,455,74,28,26
955,66,145,24,27
956,588,116,13,12
957,181,659,23,12
958,586,803,27,15
959,344,358,19,18
960,849,797,16,15
961,56,705,22,21
962,656,496,18,27
963,341,152,20,27
964,673,774,28,19
965,945,406,25,15
966,612,286,10,11
967,300,439,29,25
968,927,894,24,25
969,675,177,12,16
970,177,709,26,27
971,297,897,10,16
972,477,891,12,21
973,369,149,12,26
974,345,337,21,29
975,180,745,28,18
976,166,127,15,27
977,522,634,16,19
978,137,538,25,18
979,531,223,11,19
980,42,398,27,18
981,490,196,28,20
982,528,625,28,16
983,539,628,14,20
984,408,500,23,17
985,158,493,12,14
986,371,777,22,11
987,871,272,13,11
988,358,756,10,29
989,191,48,18,26
990,27,392,16,26
991,446,939,20,23
992,691,395,16,22
993,476,461,19,24
994,855,573,11,26
995,334,838,13,20
996,140,614,26,25
997,535,63,16,25
998,0,604,14,12
999,432,266,26,14
1000,279,927,11,11
1001,494,448,12,20
1002,325,141,27,21
1003,920,327,25,10
1004,642,228,24,12
1005,196,759,17,19
1006,542,400,26,12
1007,304,385,28,23
1008,395,756,24,22
1009,295,462,28,28
1010,238,445,20,20
1011,248,546,28,22
1012,922,166,13,25
1013,600,344,19,10
1014,712,652,13,16
1015,21,188,12,18
1016,838,468,11,15
1017,884,27,22,27
1018,367,386,15,27
1019,292,420,29,12
1020,843,935,10,27
1021,286,34,23,18
1022,127,344,21,10
1023,776,699,22,25
1024,232,558,13,11
1025,967,72,25,24
1026,686,689,17,27
1027,823,776,10,28
1028,577,556,25,28
1029,18,654,14,16
1030,380,621,26,22
1031,977,166,21,28
1032,798,399,25,27
1033,11,357,13,16
1034,443,643,14,26
1035,151,891,15,18
1036,740,685,29,16
1037,254,452,25,15
1038,236,243,27,16
1039,368,318,11,24
1040,472,152,16,21
1041,399,708,11,16
1042,235,737,17,10
1043,150,663,23,19
1044,60,298,22,28
1045,354,559,23,21
1046,409,574,19,20
1047,313,857,27,29
1048,103,344,11,10
1049,834,934,11,24
1050,717,940,13,11
1051,41,223,10,18
1052,371,739,27,28
1053,92,476,15,22
1054,870,489,10,15
1055,853,315,27,24
1056,576,539,29,23
1057,647,851,11,29
1058,428,66,15,14
1059,548,285,14,19
1060,395,741,14,11
1061,236,990,22,10
1062,796,222,22,23
1063,181,783,11,10
1064,867,246,20,23
1065,773,316,14,18
1066,906,410,21,21
1067,498,156,25,14
1068,599,351,25,13
1069,925,137,28,12
1070,845,927,13,11
1071,230,248,12,20
1072,645,399,10,15
1073,303,104,22,25
1074,448,294,26,22
1075,29,703,25,26
1076,273,351,14,29
1077,890,950,21,23
1078,212,515,16,18
1079,377,549,20,19
1080,502,813,21,11
1081,421,84,16,21
1082,207,523,14,29
1083,439,228,25,27
1084,159,852,18,23
1085,271,99,26,27
1086,111,732,10,13
1087,896,182,27,25
1088,666,223,12,17
1089,131,623,12,19
1090,504,197,21,17
1091,637,293,19,27
1092,163,288,19,17
1093,165,629,14,23
1094,126,121,25,29
1095,677,242,18,23
1096,981,370,12,26
1097,107,185,19,17
1098,98,571,15,28
1099,827,783,22,18
1100,672,260,24,22
1101,26,244,18,15
1102,180,643,18,22
1103,611,984,24,10
1104,389,566,25,18
1105,399,864,19,27
1106,402,639,26,16
1107,266,931,21,25
1108,162,848,12,12
1109,360,761,17,28
1110,97,294,17,23
1111,498,968,25,16
1112,101,223,14,18
1113,625,93,11,19
1114,162,614,11,20
1115,130,346,17,17
1116,219,754,21,17
1117,848,588,12,10
1118,559,258,10,13
1119,787,71,12,24
1120,897,647,29,24
1121,341,809,21,22
1122,455,62,25,18
1123,691,53,24,17
1124,392,5,13,26
1125,351,781,11,29
1126,839,311,15,13
1127,798,604,23,23
1128,696,229,21,21
1129,647,153,20,23
1130,667,363,21,22
1131,389,545,21,24
1132,761,288,17,24
1133,470,167,21,29
1134,349,766,18,25
1135,340,935,20,26
1136,4,908,21,29
1137,565,377,21,12
1138,94,569,11,14
1139,644,285,12,16
1140,564,384,12,20
1141,41,483,27,11
1142,722,544,28,10
1143,615,583,9,3
1144,0,672,29,12
1145,20,847,24,16
1146,708,262,24,20
1147,175,292,21,26
1148,914,609,24,14
1149,725,781,11,21
1150,834,707,26,28
1151,440,81,16,23
1152,766,952,22,19
1153,99,622,17,26
1154,681,3,23,28
1155,259,251,17,10
1156,533,455,18,12
1157,709,842,12,27
1158,14,621,25,14
1159,566,622,17,29
1160,636,134,25,29
1161,757,922,22,12
1162,969,239,22,13
1163,420,62,26,23
1164,625,743,14,28
1165,949,143,10,25
1166,259,281,20,14
1167,471,320,13,28
1168,705,49,14,26
1169,292,86,15,16
1170,22,866,19,29
1171,2,60,17,25
1172,661,736,16,18
1173,759,960,10,10
1174,574,557,15,14
1175,61,710,18,12
1176,579,843,26,22
1177,791,503,26,13
1178,872,637,22,29
1179,53,315,12,29
1180,833,191,14,12
1181,758,584,28,12
1182,420,570,23,12
1183,728,753,11,12
1184,666,263,24,24
1185,260,132,15,29
1186,152,317,27,26
1187,951,732,13,14
1188,67,614,21,14
1189,958,630,22,11
1190,384,45,24,25
1191,346,237,14,28
1192,211,643,29,27
1193,175,936,15,22
1194,524,439,19,18
1195,538,791,14,14
1196,584,805,17,25
1197,469,632,12,28
1198,57,347,22,14
1199,230,671,20,15
1200,512,561,27,28
1201,552,669,26,23
1202,226,22,21,24
1203,221,753,28,20
1204,920,25,24,12
1205,742,837,13,14
1206,492,963,29,10
1207,40,665,23,27
1208,849,438,10,17
1209,94,246,13,25
1210,952,710,28,23
1211,541,686,24,23
1212,714,111,16,24
1213,259,319,16,22
1214,660,855,26,15
1215,562,534,28,29
1216,197,456,27,18
1217,412,225,28,22
1218,286,923,12,15
1219,632,760,27,29
1220,617,558,26,15
1221,442,35,17,28
1222,725,652,12,11
1223,311,518,26,17
1224,902,710,23,29
1225,712,333,12,17
1226,414,401,20,14
1227,562,688,13,15
1228,567,645,14,15
1229,135,458,22,18
1230,38,104,26,29
1231,58,705,29,12
1232,61,357,21,15
1233,313,640,11,19
1234,538,230,18,29
1235,222,268,13,20
1236,544,744,17,22
1237,105,517,25,18
1238,183,916,20,22
1239,209,370,13,12
1240,876,381,21,10
1241,363,150,15,13
1242,523,458,17,25
1243,673,230,12,17
1244,38,232,9,10
1245,384,705,22,26
1246,589,492,25,22
1247,216,119,26,21
1248,849,689,21,22
1249,408,511,24,28
1250,542,246,21,13
1251,604,337,18,13
1252,585,350,14,18
1253,31,732,24,12
1254,498,412,21,19
1255,837,453,18,28
1256,364,693,18,19
1257,875,907,17,17
1258,576,959,26,10
1259,48,909,16,18
1260,746,403,24,22
1261,228,739,13,18
1262,65,699,25,18
1263,138,413,10,12
1264,477,549,28,18
1265,223,135,12,28
1266,234,465,10,11
1267,899,9,11,25
1268,853,470,19,14
1269,570,112,23,20
1270,514,890,19,15
1271,762,782,19,23
1272,536,41,15,29
1273,866,59,16,14
1274,64,614,19,19
1275,362,361,11,25
1276,699,462,18,27
1277,375,331,19,19
1278,59,522,17,28
1279,533,425,14,25
1280,916,11,4,19
1281,759,278,23,14
1282,296,758,25,22
1283,285,778,11,22
1284,878,35,15,28
1285,263,85,24,23
1286,638,274,19,24
1287,272,638,10,28
