#1789
05
25
40
52
#2617
22
29
47
50
53
56
#1997
01
25
35
45
#3041
21
47
#1873
21
45
54
58
#2281
31
54
#1873
12
27
#3167
#3167
#191
14
35
39
58
#1901
22
31
37
53
#1069
13
35
47
56
#2213
33
53
#2441
16
24
32
34
38
45
#2441
20
58
#1103
12
51
#1607
02
31
43
56
#1997
12
55
#2281
13
16
41
58
#2281
32
42
53
55
#1789
19
33
#1069
21
39
#1997
05
55
#1901
46
55
#1069
25
41
44
59
#1069
26
42
51
55
#1789
04
27
42
44
52
56
#601
00
39
#1607
07
13
26
37
44
54
#1069
07
43
50
53
#1103
33
43
48
58
#3041
13
17
32
34
42
58
#3187
34
51
57
58
#2207
15
41
54
55
#3187
21
26
#601
11
30
#1873
25
47
#1499
28
43
#191
15
45
57
58
#1499
43
47
51
55
#3041
04
21
29
58
#1789
41
45
#3041
13
25
#1901
15
45
#3041
29
38
42
51
#2281
35
37
#1901
40
49
#2477
21
25
37
38
44
55
#1789
25
39
#1069
41
55
#2213
12
14
27
56
#1873
05
28
#2207
13
47
#1229
55
59
#601
24
46
#3041
30
55
#2281
39
40
#2207
26
50
#191
40
48
#2441
16
45
54
58
#2213
19
58
#599
25
34
#1789
23
50
#2281
01
19
30
41
46
55
#1873
14
41
#1901
11
32
35
51
#1997
07
42
#2441
34
57
#2441
03
47
53
55
#1997
14
19
45
54
#191
42
45
50
57
#601
19
54
#1997
01
45
54
56
#191
46
52
#1901
06
43
47
59
#191
13
20
24
41
47
56
#3041
07
18
#191
10
51
#2441
35
38
41
44
54
55
#2221
#1103
01
57
#1789
11
40
#1789
27
36
41
43
46
52
#3187
18
21
53
54
#1499
04
50
#191
47
55
#1901
46
48
#1873
30
45
#3041
08
26
30
51
55
59
#2441
30
39
#601
01
41
49
53
#1789
04
53
#1789
49
52
#1229
26
59
#1901
03
06
15
53
#1789
00
59
#3041
10
44
52
56
#1229
32
34
#601
31
41
#2213
08
09
42
49
57
58
#2477
20
58
#2281
32
52
#2441
23
54
#1997
12
34
42
51
#3041
19
40
#2441
07
37
#1607
25
57
#1873
03
19
40
53
#2617
14
43
#1873
02
08
40
56
#2477
04
46
50
59
#601
09
29
54
57
#2617
35
56
#2207
30
41
49
52
#2213
06
21
45
50
#1873
42
49
52
55
#191
37
44
#1229
46
49
54
57
#2477
31
58
#3041
32
41
#1069
05
42
#1069
18
25
#1103
22
35
45
59
#1499
00
39
52
54
#3187
11
44
#1873
00
13
29
42
46
51
#1103
09
38
#599
34
39
46
55
#3041
07
58
#1499
10
17
#1901
09
47
#1499
41
55
#2213
09
21
31
44
51
58
#1789
21
24
28
52
#1499
21
24
#1997
01
51
#599
40
50
55
57
#2441
22
47
55
59
#1607
27
47
55
58
#1069
05
25
35
50
#1873
20
38
44
51
#1069
23
26
32
56
#1607
00
05
25
41
#2213
21
59
#3167
#1229
23
50
#1069
01
28
#1229
15
48
57
59
#2477
19
55
#1069
26
59
#1789
18
37
#2617
23
47
53
59
#2213
43
52
55
59
#1031
#1499
03
34
38
41
#1997
06
51
#3041
33
53
#1069
08
47
54
56
#1997
11
26
40
44
#2441
39
52
55
57
#1499
12
41
#1997
17
22
54
57
#1229
10
34
48
58
#191
44
53
#1499
19
52
#2617
05
26
29
50
#1997
16
44
52
58
#1789
00
36
#2281
19
49
52
57
#2617
18
23
#1069
04
38
#2213
31
52
57
58
#1997
16
21
42
54
#1901
04
46
#2281
16
37
#3167
#191
44
48
#2477
30
36
51
58
#1229
04
25
39
53
#2213
14
19
48
59
#2207
28
55
#2477
47
57
#1031
#2617
20
23
#3187
30
36
41
56
#1789
23
46
54
58
#1789
24
34
#2281
31
44
#1607
04
09
42
57
#1997
05
29
35
43
#2477
35
48
#3041
35
56
#1069
08
45
#2207
25
36
52
57
#3041
34
46
50
59
#2617
21
31
52
56
#1229
23
33
39
53
#1229
24
53
#2477
04
34
#2207
15
50
#1103
35
48
#3187
02
45
#1901
02
04
14
26
34
58
#2617
30
45
55
57
#1607
26
58
#1873
10
24
#2441
09
16
#1069
57
58
#1901
52
53
56
58
#191
16
56
#3167
#1229
06
22
32
39
#2213
25
32
46
58
#2477
49
51
#1069
17
32
#1103
46
47
#601
02
47
#2207
05
54
#2213
23
27
48
57
#1607
04
14
#1873
04
06
11
44
#3041
10
50
#1873
11
15
28
30
38
53
#3041
39
56
#2477
02
33
#2477
24
37
#1069
07
16
41
44
#1103
25
55
#3041
01
41
50
58
#2617
46
58
#2281
11
58
#599
30
48
#1229
46
47
51
55
#2617
45
58
#1901
34
58
#2207
38
58
#3041
13
52
#1873
24
48
51
58
#1901
27
48
54
55
#1873
03
29
32
56
#2213
22
36
52
59
#1997
13
18
55
59
#2617
10
29
36
49
54
59
#2617
37
53
56
59
#2213
48
50
#1607
02
12
16
17
40
44
#1499
29
39
43
50
#1789
19
44
#1607
13
21
#2617
30
58
#191
17
46
#3187
18
42
#2617
10
48
#1789
37
59
#1997
15
20
53
54
#1901
31
52
#1901
07
55
#2477
22
31
#1103
16
52
#1873
19
47
#2441
25
46
#1031
#1901
12
49
#2213
24
53
#1901
04
18
41
54
#2281
11
20
35
49
#601
32
40
#601
19
54
#599
02
05
14
45
#2617
03
35
46
50
54
55
#601
01
24
38
50
57
58
#1997
17
42
#1069
26
34
37
48
#191
03
32
44
51
#2207
12
28
32
56
#2221
#2213
45
57
#1499
26
51
#599
07
52
#3041
38
52
#599
08
54
#1607
13
33
#2441
18
43
#1499
21
45
